100
5909752088055678978
57782583159920408
7214122496479415761
-8372471038713031729
-7138230367502298321
-8062155292093192501
2651628206121690638
5660773668098958706
236240913033168047
8888903769324439587
3752137038942415822
-5295745683034211942
-1365639961131482115
-6658536670324188304
-351499755283555692
-3395352614480012365
3589920846486313858
-5058560954938502770
1773398468402013874
25579809655956232
158961390954068245
-7163779401932208060
-6145544798027794782
4664870386390374308
-4279252706387493290
5913426514032682553
5772649832669734744
829076023454869562
-316923953663567096
7651256723494804825
9064415381070535901
-5288477900266831940
-8015412178395518757
4437113781045784766
-282712201594543727
-4793755749571226073
8832519851757550052
-8599056919517061757
425784808157066482
-417301880149921110
-4029974628518736597
5834692085903729021
5274012497411174555
5763747164966042709
5743919551267123659
6787954838522539928
-955822858172190981
5297017559414791040
-1247588596887106137
-3915785463719924445
3483126350051204067
-5727640368653921972
3246199166113899023
-5751058041584006506
-7037289748000766416
7604075334510954017
-7967076592325094724
6225907932738158007
-5438565800896958689
3516259955632727589
4644068447359386635
-4962768465676381896
6925694130040970654
5580821070316267610
3430903602045245703
-7259568352408974738
2158390814503909950
6625431310305617772
-1764989173562403564
2741291855007431857
-4713897332886633062
888384477820665823
5058965686473586628
453864015181517797
6453474899984324060
-5042812318525331017
-1292369635218018886
-3317129011855592571
-4749572426538882759
-5719618916522424911
8697413960304443323
-6331820195241174928
3830299953267683848
-6688467811848818630
275355961613117157
-6067572365539392063
170168523965373507
4662897195779605027
-8366664462721313688
7290283101517863911
-7931467246759943776
-4238429078335442438
2077371500130848599
-429849028627267071
1185638757901670263
-1127435332421179952
-3034374697888188410
1527139015851636296
-2440897930508784356
-5180943197888867407
